[
  {
    "id": 0,
    "img_name": "000001",
    "width": 1957,
    "height": 1091,
    "position": [
      3.398962270047007,
      0.683534043426368,
      -2.29915441055627
    ],
    "rotation": [
      [
        0.7861880261556365,
        -0.016442044149287502,
        -0.6177686028875999
      ],
      [
        -0.028784446228571188,
        0.9975867826238479,
        -0.06318280453979654
      ],
      [
        0.6173166474223896,
        0.0674556915196377,
        0.783817508414292
      ]
    ],
    "fy": 1156.2804049882861,
    "fx": 1163.2547280302354
  },
  {
    "id": 1,
    "img_name": "000009",
    "width": 1957,
    "height": 1091,
    "position": [
      2.6431739583881524,
      0.6658437095794836,
      -2.5124997347509708
    ],
    "rotation": [
      [
        0.8697453578855776,
        -0.014958810241088296,
        -0.4932740074569709
      ],
      [
        -0.027587438892225948,
        0.9965037499795043,
        -0.0788619648002337
      ],
      [
        0.49272907936497556,
        0.08219799433658168,
        0.8662918353968176
      ]
    ],
    "fy": 1156.2804049882861,
    "fx": 1163.2547280302354
  },
  {
    "id": 2,
    "img_name": "000017",
    "width": 1957,
    "height": 1091,
    "position": [
      0.8480253415396309,
      0.612718680486777,
      -2.7004344677490253
    ],
    "rotation": [
      [
        0.995376339376539,
        0.00621798662524266,
        -0.09585029813041625
      ],
      [
        -0.018212187963499528,
        0.9920180252059547,
        -0.12477401122052637
      ],
      [
        0.09430938033379042,
        0.12594274218392335,
        0.9875445136662198
      ]
    ],
    "fy": 1156.2804049882861,
    "fx": 1163.2547280302354
  },
  {
    "id": 3,
    "img_name": "000025",
    "width": 1957,
    "height": 1091,
    "position": [
      0.15666249282760852,
      0.33784015246188687,
      -2.1132629368045612
    ],
    "rotation": [
      [
        0.7601576650026431,
        -0.26949448988371916,
        0.5912131969603209
      ],
      [
        0.2251955615514374,
        0.9628019526379179,
        0.14932969916980732
      ],
      [
        -0.6094647515609594,
        0.019624472449632262,
        0.7925702471616076
      ]
    ],
    "fy": 1156.2804049882861,
    "fx": 1163.2547280302354
  },
  {
    "id": 4,
    "img_name": "000033",
    "width": 1957,
    "height": 1091,
    "position": [
      -1.753531714255193,
      0.12027249444571424,
      -1.499390492725146
    ],
    "rotation": [
      [
        0.5450173669365103,
        -0.27981825373938535,
        0.7903529683703568
      ],
      [
        0.2621019111609786,
        0.9522814068313974,
        0.15640559570864707
      ],
      [
        -0.7964035772793564,
        0.12190925755435977,
        0.5923508040166645
      ]
    ],
    "fy": 1156.2804049882861,
    "fx": 1163.2547280302354
  },
  {
    "id": 5,
    "img_name": "000041",
    "width": 1957,
    "height": 1091,
    "position": [
      0.29073242190069376,
      0.3837360275540067,
      -3.036708462643614
    ],
    "rotation": [
      [
        0.9826244880628189,
        -0.07047032488257028,
        -0.1717062863445245
      ],
      [
        0.07856869160102262,
        0.996072411663675,
        0.040825377188873246
      ],
      [
        0.16815491714305067,
        -0.05360675361794788,
        0.9843019048072388
      ]
    ],
    "fy": 1156.2804049882861,
    "fx": 1163.2547280302354
  },
  {
    "id": 6,
    "img_name": "000049",
    "width": 1957,
    "height": 1091,
    "position": [
      -0.7313696955848932,
      0.2240248977805772,
      -2.921779732433417
    ],
    "rotation": [
      [
        0.8361747320172134,
        -0.23050222223876052,
        0.4976751380960623
      ],
      [
        0.17774383446971515,
        0.9723143602904297,
        0.1516967833575093
      ],
      [
        -0.5188631292007017,
        -0.03838632980639948,
        0.8539950484868457
      ]
    ],
    "fy": 1156.2804049882861,
    "fx": 1163.2547280302354
  },
  {
    "id": 7,
    "img_name": "000057",
    "width": 1957,
    "height": 1091,
    "position": [
      -3.3363603622190463,
      0.07314900637788703,
      -1.1759649620966814
    ],
    "rotation": [
      [
        0.502561924879356,
        -0.28759522382800917,
        0.8153039303798763
      ],
      [
        0.1809380981329218,
        0.9571522441697607,
        0.22609950491947572
      ],
      [
        -0.8453951243682434,
        0.03389054015662973,
        0.5330652070641022
      ]
    ],
    "fy": 1156.2804049882861,
    "fx": 1163.2547280302354
  },
  {
    "id": 8,
    "img_name": "000065",
    "width": 1957,
    "height": 1091,
    "position": [
      -4.040381352822157,
      -0.4047254545172611,
      0.963033884003975
    ],
    "rotation": [
      [
        -0.2290255281794337,
        -0.2791486969050897,  
        0.9325359577294173
      ],
      [
        0.13283416709906898,
        0.9400750026599982,
        0.31402877802026524
      ],
      [
        -0.9643144671180807,
        0.1957932439845531,
        -0.1782206893623106
      ]
    ],
    "fy": 1156.2804049882861,
    "fx": 1163.2547280302354
  },
  {
    "id": 9,
    "img_name": "000073",
    "width": 1957,
    "height": 1091,
    "position": [ 
      -2.208362247897943,
      -0.6165186924225942,
      3.2039217218354605
    ],
    "rotation": [
      [
        -0.7719639336671776,
        -0.23359766296696194,
        0.5911884783835615
      ],
      [
        0.0704491357133045,
        0.89286027188045,
        0.4447892244364931
      ],
      [
        -0.6317504288833886,
        0.38500995669455385,
        -0.6727991742353077
      ]
    ],
    "fy": 1156.2804049882861,
    "fx": 1163.2547280302354
  },
  {
    "id": 10,
    "img_name": "000081",
    "width": 1957,
    "height": 1091,
    "position": [
      -0.17084637737579153,
      -0.7343446063331046,
      5.334853064951694
    ],
    "rotation": [
      [
        -0.9363226748109,
        -0.07764816453945911,
        0.34244796857130594
      ],
      [
        0.05805666339423616,
        0.927588772770769,
        0.36906434732326465
      ],
      [
        -0.34630806007150544,
        0.36544470330444256,
        -0.8640144074934386
      ]
    ],
    "fy": 1156.2804049882861,
    "fx": 1163.2547280302354
  },
  {
    "id": 11,
    "img_name": "000089",
    "width": 1957,
    "height": 1091,
    "position": [
      -2.362018709728657,
      -0.6282094106803013,
      2.90894141633758
    ],
    "rotation": [
      [
        -0.6083262424783025,
        -0.2304013077286783,
        0.75950932852016
      ],
      [
        -0.004386328560796882,
        0.9578993289568241,
        0.2870707851834154
      ],
      [
        -0.7936749604428667,
        0.1713012346160434,
        -0.5837259152933275
      ]
    ],
    "fy": 1156.2804049882861,
    "fx": 1163.2547280302354
  },
  {
    "id": 12,
    "img_name": "000097",
    "width": 1957,
    "height": 1091,
    "position": [
      -0.6602430100902739,
      -0.6098535437996359,
      3.6009391883905333
    ],
    "rotation": [
      [
        -0.9685538117835444,
        -0.11865060303259026,
        0.21869053038384786
      ],
      [
        -0.05466587725715131,
        0.9589716113683383,
        0.2781817579449068
      ],
      [
        -0.2427244436460244,
        0.25747909233492206,
        -0.9353017488848784
      ]
    ],
    "fy": 1156.2804049882861,
    "fx": 1163.2547280302354
  },
  {
    "id": 13,
    "img_name": "000105",
    "width": 1957,
    "height": 1091,
    "position": [
      2.114949985625061,
      -0.5194201774515356,
      4.176205674189297
    ],
    "rotation": [
      [
        -0.9260855603124708,
        -0.12739829099036115,
        -0.35515519204070717
      ],
      [
        -0.2177343852647277,
        0.9491780368212616,
        0.22727250579321492
      ],
      [
        0.30815137912092405,
        0.2878032832836885,
        -0.9067590626384723
      ]
    ],
    "fy": 1156.2804049882861,
    "fx": 1163.2547280302354
  },
  {
    "id": 14,
    "img_name": "000113",
    "width": 1957,
    "height": 1091,
    "position": [
      4.340106119873572,
      -0.2674214210342608,
      2.764870282289476
    ],
    "rotation": [
      [
        -0.4265467464795743,
        0.08391344748399403,
        -0.9005644931924868
      ],
      [
        -0.11791224232446687,
        0.9820304846221575,
        0.1473527413480554
      ],
      [
        0.8967466622060578,
        0.16904041115698248,
        -0.4089874854053266
      ]
    ],
    "fy": 1156.2804049882861,
    "fx": 1163.2547280302354
  },
  {
    "id": 15,
    "img_name": "000121",
    "width": 1957,
    "height": 1091,
    "position": [
      5.168939284403761,
      0.15099156380030224,
      0.37665196151415387
    ],
    "rotation": [
      [
        0.0325636097479146,
        0.1303526204562363,
        -0.9909327957335844
      ],
      [
        -0.11644308227972118,
        0.9852016839977519,
        0.125772216475627
      ],
      [
        0.9926633970835143,
        0.11129167169283741,
        0.04726038406985391
      ]
    ],
    "fy": 1156.2804049882861,
    "fx": 1163.2547280302354
  },
  {
    "id": 16,
    "img_name": "000129",
    "width": 1957,
    "height": 1091,
    "position": [
      4.505397758494442,
      0.4201679314371174,
      -2.6743225840003966
    ],
    "rotation": [
      [
        0.727839736671091,
        0.06207174915528621,
        -0.6829322189495528
      ],
      [
        -0.010102164768134305,
        0.9967573904123697,
        0.07982888528170992
      ],
      [
        0.6856728549312379,
        -0.05120354104089052,
        0.726106695600116
      ]
    ],
    "fy": 1156.2804049882861,
    "fx": 1163.2547280302354
  },
  {
    "id": 17,
    "img_name": "000137",
    "width": 1957,
    "height": 1091,
    "position": [
      1.4751410943954941,
      0.4065397367498073,
      -2.153267600907493
    ],
    "rotation": [
      [
        0.7320656502087358,
        0.06252394854039683,
        -0.6783587838624768
      ],
      [
        -0.04480656214124016,
        0.9980422622117892,
        0.043635018371232376
      ],
      [
        0.6797589688805465,
        -0.0015487730926161953,
        0.7334339408074619
      ]
    ],
    "fy": 1156.2804049882861,
    "fx": 1163.2547280302354
  },
  {
    "id": 18,
    "img_name": "000145",
    "width": 1957,
    "height": 1091,
    "position": [
      -0.42747275142128305,
      0.058488233693010566,
      -1.6993360435523113
    ],
    "rotation": [
      [
        0.7294299264063814,
        -0.13221277774806045,
        0.6711570336835658
      ],
      [
        0.10655902183764322,
        0.9911283770646468,
        0.07943371477026268
      ],
      [
        -0.6757049336269388,
        0.013576508289716765,
        0.7370471634128126
      ]
    ],
    "fy": 1156.2804049882861,
    "fx": 1163.2547280302354
  },
  {
    "id": 19,
    "img_name": "000153",
    "width": 1957,
    "height": 1091,
    "position": [
      -2.5221375699629025,
      0.03859185212588857,
      -1.0987621824385003
    ],
    "rotation": [
      [
        0.4185960028971001,
        -0.4056968371320228,
        0.8125192075881309
      ],
      [
        0.2822031700660307,
        0.9084908741254208,
        0.3082299505815613
      ],
      [
        -0.8632142012057342,
        0.10027167083429755,
        0.4947795821018126
      ]
    ],
    "fy": 1156.2804049882861,
    "fx": 1163.2547280302354
  },
  {
    "id": 20,
    "img_name": "000161",
    "width": 1957,
    "height": 1091,
    "position": [
      -3.5498943462335855,
      -0.299640665605747,
      1.1878085177606361
    ],
    "rotation": [
      [
        -0.4196179021995068,
        -0.37896152796687443,
        0.824808448353129
      ],
      [
        0.2093516595029565,
        0.8437746307289401,
        0.49418241085817555
      ],
      [
        -0.8832285654444396,
        0.3800428039829888,
        -0.27472671570800006
      ]
    ],
    "fy": 1156.2804049882861,
    "fx": 1163.2547280302354
  },
  {
    "id": 21,
    "img_name": "000169",
    "width": 1957,
    "height": 1091,
    "position": [
      -1.2693762929739119,
      -0.5403619353496882,
      2.8661083372320335
    ],
    "rotation": [
      [
        -0.8514391595272917,
        -0.1803538106828092,
        0.4924671162581806
      ],
      [
        0.026470138568874632,
        0.9230352870301243,
        0.383803583439968
      ],
      [
        -0.5237849648353831,
        0.33982107331565736,
        -0.7811343986427629
      ]
    ],
    "fy": 1156.2804049882861,
    "fx": 1163.2547280302354
  },
  {
    "id": 22,
    "img_name": "000177",
    "width": 1957,
    "height": 1091,
    "position": [
      1.6390446309385622,
      -0.4731415103432246,
      3.469851297123589
    ],
    "rotation": [
      [
        -0.9330412407965213,
        -0.015585452171185095,
        -0.3594316856559916
      ],
      [
        -0.1489060565379615,
        0.9262004753530364,
        0.346380810354908
      ],
      [
        0.3275072965587198,
        0.37670913598747374,
        -0.866504008971897
      ]
    ],
    "fy": 1156.2804049882861,
    "fx": 1163.2547280302354
  },
  {
    "id": 23,
    "img_name": "000185",
    "width": 1957,
    "height": 1091,
    "position": [
      4.160777431598103,
      -0.05476407913315585,
      1.6852996345485667
    ],
    "rotation": [
      [
        -0.3424123166689458,
        0.23608637688835848,
        -0.9094047657897626
      ],
      [
        -0.15035739241685098,
        0.9416718067229951,
        0.30107617469447007
      ],
      [
        0.927440812094772,
        0.23982791970656364,
        -0.28694269286777696
      ]
    ],
    "fy": 1156.2804049882861,
    "fx": 1163.2547280302354
  },
  {
    "id": 24,
    "img_name": "000193",
    "width": 1957,
    "height": 1091,
    "position": [
      3.7342444867398368,
      0.41465252698156696,
      -0.9301124486618926
    ],
    "rotation": [
      [
        0.6605086836279944,
        0.15446787229010056,
        -0.7347570722913684
      ],
      [
        0.008592379937952014,
        0.9769890398600356,
        0.2131163696208436
      ],
      [
        0.750769238753837,
        -0.14707852468506516,
        0.6439824979900065
      ]
    ],
    "fy": 1156.2804049882861,
    "fx": 1163.2547280302354
  },
  {
    "id": 25,
    "img_name": "000201",
    "width": 1957,
    "height": 1091,
    "position": [
      3.2271172254576515,
      0.6856682388688721,
      -2.8869330212214233
    ],
    "rotation": [
      [
        0.8049908179641488,
        0.09370493496441207,
        -0.5858405654755616
      ],
      [
        -0.08873073013625882,
        0.9953576034432099,
        0.03728402871573951
      ],
      [
        0.5866145587375896,
        0.021968760345203352,
        0.8095682386593475
      ]
    ],
    "fy": 1156.2804049882861,
    "fx": 1163.2547280302354
  },
  {
    "id": 26,
    "img_name": "000209",
    "width": 1957,
    "height": 1091,
    "position": [
      1.1465079106769525,
      0.4214136381326692,
      -2.4324737676461394
    ],
    "rotation": [
      [
        0.9936587844184169,
        0.005792582366176399,
        -0.11228831701314693
      ],
      [
        -0.0018682073020756555,
        0.9993847652934134,
        0.03502285969057152
      ],
      [
        0.11242210614283292,
        -0.03459099433320832,
        0.9930582727924124
      ]
    ],
    "fy": 1156.2804049882861,
    "fx": 1163.2547280302354
  },
  {
    "id": 27,
    "img_name": "000217",
    "width": 1957,
    "height": 1091,
    "position": [
      -1.3696224573609448,
      0.2644848453610612,
      -1.752087636796228
    ],
    "rotation": [
      [
        0.9998014923336657,
        0.01801278641508602,
        0.008515600562467517
      ],
      [
        -0.01805919872782069,
        0.9998223090385862,
        0.005405154027309517
      ],
      [
        -0.008416725532181988,
        -0.005557865985641722,
        0.9999491331347817
      ]
    ],
    "fy": 1156.2804049882861,
    "fx": 1163.2547280302354
  },
  {
    "id": 28,
    "img_name": "000225",
    "width": 1957,
    "height": 1091,
    "position": [
      -3.3477648137024,
      0.31089611521016275,
      -1.2322335839823444
    ],
    "rotation": [
      [
        0.5126146691456962,
        -0.15334684458749223,
        0.8448141489296376
      ],
      [
        0.11265930651201463,
        0.9874283577822112,
        0.1108743383464247
      ],
      [
        -0.8511956776399187,
        0.038340363881750356,
        0.5234462100966387
      ]
    ],
    "fy": 1156.2804049882861,
    "fx": 1163.2547280302354
  },
  {
    "id": 29,
    "img_name": "000233",
    "width": 1957,
    "height": 1091,
    "position": [
      -3.552922957816221,
      -0.32014178392455533,
      1.1368023334927337
    ],
    "rotation": [
      [
        -0.6612859917926635,
        -0.23679315105481236,
        0.7117793483041817
      ],
      [
        0.08694465289586899,
        0.9182797044366343,
        0.3862680568628274
      ],
      [
        -0.7450781599212325,
        0.3173190634571148,
        -0.5866576067648738
      ]
    ],
    "fy": 1156.2804049882861,
    "fx": 1163.2547280302354
  },
  {
    "id": 30,
    "img_name": "000241",
    "width": 1957,
    "height": 1091,
    "position": [
      -2.7768117703658306,
      -0.4722230830264492,
      2.43490545931093
    ],
    "rotation": [
      [
        -0.7811599596502488,
        -0.19297318302819041,
        0.5937596046138459
      ],
      [
        0.08255022656990997,
        0.9107589091925316,
        0.4046031010999383
      ],
      [
        -0.6188493981030267,
        0.3650747320185263,
        -0.6955184127750484
      ]
    ],
    "fy": 1156.2804049882861,
    "fx": 1163.2547280302354
  },
  {
    "id": 31,
    "img_name": "000249",
    "width": 1957,
    "height": 1091,
    "position": [
      -0.7453464164560574,
      -0.7977114101706951,
      4.9695584877985555
    ],
    "rotation": [
      [
        -0.9756163398381266,
        -0.08670652504949773,
        0.20163019603892962
      ],
      [
        -0.008099439279389895,
        0.9322570779826731,
        0.3617058744816951
      ],
      [
        -0.21933343685862364,
        0.35125306983007154,
        -0.9102275124444077
      ]
    ],
    "fy": 1156.2804049882861,
    "fx": 1163.2547280302354
  },
  {
    "id": 32,
    "img_name": "000002",
    "width": 1957,
    "height": 1091,
    "position": [
      3.419787314564131,
      0.7126429411208084,
      -2.445030924141537
    ],
    "rotation": [
      [
        0.7889863929594991,
        -0.010823068973684506,
        -0.6143153366983031
      ],
      [
        -0.03184932925458149,
        0.9977801463902161,
        -0.0584841832938814
      ],
      [
        0.613584624930247,
        0.06570875624686504,
        0.7868902511797295
      ]
    ],
    "fy": 1156.2804049882861,
    "fx": 1163.2547280302354
  },
  {
    "id": 33,
    "img_name": "000003",
    "width": 1957,
    "height": 1091,
    "position": [
      3.5449143846008737,
      0.732593017157637,
      -2.5753385365698396
    ],
    "rotation": [
      [
        0.7408179780614154,
        -0.006984202023919505,
        -0.6716695201533901
      ],
      [
        -0.03954912445768042,
        0.9977576533153407,
        -0.05399566654181635
      ],
      [
        0.6705405208752316,
        0.06656490195856374,
        0.7388805882492917
      ]
    ],
    "fy": 1156.2804049882861,
    "fx": 1163.2547280302354
  },
  {
    "id": 34,
    "img_name": "000004",
    "width": 1957,
    "height": 1091,
    "position": [
      3.59207835324691,
      0.7473594673930097,
      -2.5866689806640224
    ],
    "rotation": [
      [
        0.6874002286328479,
        0.0011315418303139994,
        -0.7262779394202983
      ],
      [
        -0.05381083457791312,
        0.9973296123742252,
        -0.0493764960634674
      ],
      [
        0.7242826242272673,
        0.0730230367388497,
        0.6856254927786012
      ]
    ],
    "fy": 1156.2804049882861,
    "fx": 1163.2547280302354
  },
  {
    "id": 35,
    "img_name": "000005",
    "width": 1957,
    "height": 1091,
    "position": [
      3.531836769908901,
      0.7372583024338519,
      -2.5911691962834627
    ],
    "rotation": [
      [
        0.7232182527411504,
        0.0013820828759646946,
        -0.6906181642188115
      ],
      [
        -0.05105244052521433,
        0.9973689693547696,
        -0.051466370424036186
      ],
      [
        0.688729995875348,
        0.07247916124741387,
        0.7213860020588244
      ]
    ],
    "fy": 1156.2804049882861,
    "fx": 1163.2547280302354
  },
  {
    "id": 36,
    "img_name": "000006",
    "width": 1957,
    "height": 1091,
    "position": [
      3.3843687411850794,
      0.7263295720936694,
      -2.6248402059630935
    ],
    "rotation": [
      [
        0.7888732593306741,
        -0.0025641091892310806,
        -0.6145505724161886
      ],
      [
        -0.04199847645194038,
        0.9974285025778005,
        -0.05807331763488465
      ],
      [
        0.6131191635308059,
        0.07162267510692473,
        0.786736985098459
      ]
    ],
    "fy": 1156.2804049882861,
    "fx": 1163.2547280302354
  },
  {
    "id": 37,
    "img_name": "000007",
    "width": 1957,
    "height": 1091,
    "position": [
      3.181533920897152,
      0.690937173942951,
      -2.567019183623544
    ],
    "rotation": [
      [
        0.8239391759654351,
        -0.010017841385991351,
        -0.5665896903080436
      ],
      [
        -0.032047944346960545,
        0.9974197665114926,
        -0.06423969672479715
      ],
      [
        0.5657712997073409,
        0.07108763764625263,
        0.8214921692879008
      ]
    ],
    "fy": 1156.2804049882861,
    "fx": 1163.2547280302354
  },
  {
    "id": 38,
    "img_name": "000008",
    "width": 1957,
    "height": 1091,
    "position": [
      2.9348186899692585,
      0.6725770257620532,
      -2.551634726093129
    ],
    "rotation": [
      [
        0.8325375797250154,
        -0.012639921020188854,
        -0.5538243500806163
      ],
      [
        -0.03261921465868462,
        0.9968864727096186,
        -0.07178681887105377
      ],
      [
        0.5530073825733832,
        0.0778305397975513,
        0.8295331469532473
      ]
    ],
    "fy": 1156.2804049882861,
    "fx": 1163.2547280302354
  },
  {
    "id": 39,
    "img_name": "000010",
    "width": 1957,
    "height": 1091,
    "position": [
      2.3823150411940714,
      0.6377683635950256,
      -2.39625207323648
    ],
    "rotation": [
      [
        0.8544053296205656,
        -0.012519986335628903,
        -0.5194562374812033
      ],
      [
        -0.03574332448835588,
        0.9959254193236432,
        -0.08279476975960329
      ],
      [
        0.5183762605198011,
        0.08930738540110379,
        0.8504764802405334
      ]
    ],
    "fy": 1156.2804049882861,
    "fx": 1163.2547280302354
  },
  {
    "id": 40,
    "img_name": "000011",
    "width": 1957,
    "height": 1091,
    "position": [
      2.042473681094453,
      0.6017962027335222,
      -2.3277095540137998
    ],
    "rotation": [
      [
        0.8273487291136238,
        -0.006431621204114919,
        -0.5616517735062878
      ],
      [
        -0.05037395316666087,
        0.9950554417885077,
        -0.08559867177380995
      ],
      [
        0.5594251918500226,
        0.09911257244045366,
        0.8229338689759956
      ]
    ],
    "fy": 1156.2804049882861,
    "fx": 1163.2547280302354
  },
  {
    "id": 41,
    "img_name": "000012",
    "width": 1957,
    "height": 1091,
    "position": [
      1.7653030928256412,
      0.5744129142783958,
      -2.2985138296842074
    ],
    "rotation": [
      [
        0.7479453444157288,
        -0.00119843376416325,
        -0.6637592376180912
      ],
      [
        -0.0758655717882252,
        0.993290697310521,
        -0.0872811872835432
      ],
      [
        0.6594104767017904,
        0.11563803177541637,
        0.7428362328420886
      ]
    ],
    "fy": 1156.2804049882861,
    "fx": 1163.2547280302354
  },
  {
    "id": 42,
    "img_name": "000013",
    "width": 1957,
    "height": 1091,
    "position": [
      1.4531192966676254,
      0.5945576940303512,
      -2.4088366085438406
    ],
    "rotation": [
      [
        0.7557796400468365,
        0.0039046859107226416,
        -0.6548143928768002
      ],
      [
        -0.08763848246814201,
        0.9915891920151282,
        -0.09523849363291319
      ],
      [
        0.6489349983483362,
        0.1293662541265066,
        0.7497651233632576
      ]
    ],
    "fy": 1156.2804049882861,
    "fx": 1163.2547280302354
  },
  {
    "id": 43,
    "img_name": "000014",
    "width": 1957,
    "height": 1091,
    "position": [
      1.2208055095481525,
      0.5779302670737009,
      -2.4731727798300254
    ],
    "rotation": [
      [
        0.8063539057910721,
        0.008991101626029266,
        -0.5913649792700215
      ],
      [
        -0.08637831953680268,
        0.9909533420399178,
        -0.10271445766743785
      ],
      [
        0.5850915864456441,
        0.13390531726361088,
        0.7998357340598449
      ]
    ],
    "fy": 1156.2804049882861,
    "fx": 1163.2547280302354
  },
  {
    "id": 44,
    "img_name": "000015",
    "width": 1957,
    "height": 1091,
    "position": [
      1.072236675887155,
      0.6061255645445615,
      -2.636501285769145
    ],
    "rotation": [
      [
        0.8878934106603361,
        0.00947902980654544,
        -0.45995156190612324
      ],
      [
        -0.07130442029169858,
        0.9905413563216249,
        -0.1172326791614877
      ],
      [
        0.45448979191266825,
        0.13688670282551968,
        0.8801710399898064
      ]
    ],
    "fy": 1156.2804049882861,
    "fx": 1163.2547280302354
  },
  {
    "id": 45,
    "img_name": "000016",
    "width": 1957,
    "height": 1091,
    "position": [
      0.9120238570627761,
      0.6089672607721833,
      -2.673757879352866
    ],
    "rotation": [
      [
        0.9536034802027522,
        0.010018495196375887,
        -0.30089870770609795
      ],
      [
        -0.04928078272712648,
        0.991160100863715,
        -0.12317897105282177
      ],
      [
        0.2970047255499502,
        0.13229241932110222,
        0.9456674409067748
      ]
    ],
    "fy": 1156.2804049882861,
    "fx": 1163.2547280302354
  },
  {
    "id": 46,
    "img_name": "000018",
    "width": 1957,
    "height": 1091,
    "position": [
      0.904353455227987,
      0.6723546344375259,
      -2.7471352561354596
    ],
    "rotation": [
      [
        0.9967027159081683,
        -0.0005276759928427565,
        0.081138262609746
      ],
      [
        0.01004858481553252,
        0.9930836199760231,
        -0.11697841543858793
      ],
      [
        -0.08051535284954402,
        0.11740802908389357,
        0.9898144435509865
      ]
    ],
    "fy": 1156.2804049882861,
    "fx": 1163.2547280302354
  },
  {
    "id": 47,
    "img_name": "000019",
    "width": 1957,
    "height": 1091,
    "position": [
      1.013336659167977,
      0.6979573983920615,
      -2.8518687679100747
    ],
    "rotation": [
      [
        0.9828007822582402,
        -0.00927388612409046,
        0.18443594397174531
      ],
      [
        0.028230228903905162,
        0.9945443705575124,
        -0.10042185602942429
      ],
      [
        -0.1824984289483734,
        0.10390134757797276,
        0.9777007893025642
      ]
    ],
    "fy": 1156.2804049882861,
    "fx": 1163.2547280302354
  },
  {
    "id": 48,
    "img_name": "000020",
    "width": 1957,
    "height": 1091,
    "position": [
      1.0675888369781215,
      0.6667876103427509,
      -2.8634160207019113
    ],
    "rotation": [
      [
        0.9793279471544107,
        -0.030809519914986514,
        0.19991884704783444
      ],
      [
        0.03633339417027425,
        0.999051014692727,
        -0.02401987738311983
      ],
      [
        -0.19898908610874833,
        0.030787067480367136,
        0.9795179937528277
      ]
    ],
    "fy": 1156.2804049882861,
    "fx": 1163.2547280302354
  },
  {
    "id": 49,
    "img_name": "000021",
    "width": 1957,
    "height": 1091,
    "position": [
      0.9959065232034018,
      0.560408322220855,
      -2.7952816792346344
    ],
    "rotation": [
      [
        0.9722193226375981,
        -0.06739469481582566,
        0.2241596390985034
      ],
      [
        0.05131002828577288,
        0.9957231822082915,
        0.07682854554335082
      ],
      [
        -0.22837878554586188,
        -0.06319255908471556,
        0.9715193414384099
      ]
    ],
    "fy": 1156.2804049882861,
    "fx": 1163.2547280302354
  },
  {
    "id": 50,
    "img_name": "000022",
    "width": 1957,
    "height": 1091,
    "position": [
      0.9140780529121498,
      0.47984262207764034,
      -2.642960281838417
    ],
    "rotation": [
      [
        0.9217413934782976,
        -0.12387985716420377,
        0.36748684947581833
      ],
      [
        0.08806252330935628,
        0.9897131491329061,
        0.11275138323681462
      ],
      [
        -0.3776741923100854,
        -0.0715657978534609,
        0.9231687500346414
      ]
    ],
    "fy": 1156.2804049882861,
    "fx": 1163.2547280302354
  },
  {
    "id": 51,
    "img_name": "000023",
    "width": 1957,
    "height": 1091,
    "position": [
      0.6694808017795314,
      0.4184485927861609,
      -2.4982377076746496
    ],
    "rotation": [
      [
        0.8509101720796426,
        -0.18896653956504336,
        0.4901464331974742
      ],
      [
        0.1405907694101072,
        0.9809423300730629,
        0.1341133126408566
      ],
      [
        -0.5061483128570786,
        -0.04520831777054956,
        0.8612607580728905
      ]
    ],
    "fy": 1156.2804049882861,
    "fx": 1163.2547280302354
  },
  {
    "id": 52,
    "img_name": "000024",
    "width": 1957,
    "height": 1091,
    "position": [
      0.40771178434060906,
      0.36852930798129857,
      -2.259912805503041
    ],
    "rotation": [
      [
        0.8013522124593747,
        -0.23910846791889337,
        0.5483263372809523
      ],
      [
        0.19056513925671395,
        0.9709233930670409,
        0.14488855198135467
      ],
      [
        -0.5670269475840933,
        -0.011614876868225148,
        0.82361734764926
      ]
    ],
    "fy": 1156.2804049882861,
    "fx": 1163.2547280302354
  },
  {
    "id": 53,
    "img_name": "000026",
    "width": 1957,
    "height": 1091,
    "position": [
      -0.07811919503658661,
      0.30100701297448756,
      -1.9240824091517466
    ],
    "rotation": [
      [
        0.6680748751203316,
        -0.29929613308477865,
        0.681247228217078
      ],
      [
        0.24618779219036385,
        0.9528844343810178,
        0.1772084244351885
      ],
      [
        -0.7021876759167648,
        0.04932625502575816,
        0.7102812037184615
      ]
    ],
    "fy": 1156.2804049882861,
    "fx": 1163.2547280302354
  },
  {
    "id": 54,
    "img_name": "000027",
    "width": 1957,
    "height": 1091,
    "position": [
      -0.41214317163016867,
      0.23583730012555681,
      -1.752100427698706
    ],
    "rotation": [
      [
        0.574039740814046,
        -0.3107651781925664,
        0.7575641094911276
      ],
      [
        0.25855734525956153,
        0.9466401935517055,
        0.19240697275493338
      ],
      [
        -0.7769340224101856,
        0.08542451624289263,
        0.6237597108231638
      ]
    ],
    "fy": 1156.2804049882861,
    "fx": 1163.2547280302354
  },
  {
    "id": 55,
    "img_name": "000028",
    "width": 1957,
    "height": 1091,
    "position": [
      -0.6956413246079493,
      0.18392933487663488,
      -1.5217455622952571
    ],
    "rotation": [
      [
        0.5353315193710199,
        -0.31416029015553426,
        0.7840430322739345
      ],
      [
        0.2695822609498778,
        0.9432561919104486,
        0.1938895587796066
      ],
      [
        -0.8004658449609621,
        0.10756890123074186,
        0.5896468116923415
      ]
    ],
    "fy": 1156.2804049882861,
    "fx": 1163.2547280302354
  },
  {
    "id": 56,
    "img_name": "000029",
    "width": 1957,
    "height": 1091,
    "position": [
      -1.0084206201299832,
      0.12315868487183501,
      -1.350713239974637
    ],
    "rotation": [
      [
        0.49175178789712826,
        -0.30548149487111026,
        0.8153902350355257
      ],
      [
        0.2674138728993819,
        0.9441671671269064,
        0.19245306207100374
      ],
      [
        -0.8286555374104075,
        0.12340752331549422,
        0.5459858821509992
      ]
    ],
    "fy": 1156.2804049882861,
    "fx": 1163.2547280302354
  },
  {
    "id": 57,
    "img_name": "000030",
    "width": 1957,
    "height": 1091,
    "position": [
      -1.2417717365582228,
      0.10095301370863499,
      -1.21999272439176
    ],
    "rotation": [
      [
        0.4626658826512327,
        -0.3029964409599004,
        0.8331467084470711
      ],
      [
        0.2638765798035184,
        0.9442525256786055,
        0.19686624489935314
      ],
      [
        -0.8463506552616078,
        0.12876460893897934,
        0.5168270927718852
      ]
    ],
    "fy": 1156.2804049882861,
    "fx": 1163.2547280302354
  },
  {
    "id": 58,
    "img_name": "000031",
    "width": 1957,
    "height": 1091,
    "position": [
      -1.5014309141558284,
      0.06666705950800735,
      -1.2089805092914447
    ],
    "rotation": [
      [
        0.43071028715191295,
        -0.29411131053313394,
        0.8532216508961774
      ],
      [
        0.2574283649799937,
        0.9461692364187432,
        0.1961999310868878
      ],
      [
        -0.864996696782851,
        0.13513812589811514,
        0.4832374173048911
      ]
    ],
    "fy": 1156.2804049882861,
    "fx": 1163.2547280302354
  },
  {
    "id": 59,
    "img_name": "000032",
    "width": 1957,
    "height": 1091,
    "position": [
      -1.619381907065206,
      0.07112626257361677,
      -1.3483416404321882
    ],
    "rotation": [
      [
        0.45182506332700456,
        -0.2910425272041675,
        0.8432961280049611
      ],
      [
        0.2621732646733655,
        0.9468636792754213,
        0.1863178793340074
      ],
      [
        -0.8527129009461846,
        0.13690661133642795,
        0.5041203113665611
      ]
    ],
    "fy": 1156.2804049882861,
    "fx": 1163.2547280302354
  },
  {
    "id": 60,
    "img_name": "000034",
    "width": 1957,
    "height": 1091,
    "position": [
      -1.5712242536669916,
      0.1371996018020396,
      -1.7205443624461485
    ],
    "rotation": [
      [
        0.6411976375921805,
        -0.2743541059028847,
        0.7166557151941477
      ],
      [
        0.25657275452837913,
        0.9568045356005179,
        0.13673149705900794
      ],
      [
        -0.7232122863861806,
        0.09620241799719,
        0.6838925965322092
      ]
    ],
    "fy": 1156.2804049882861,
    "fx": 1163.2547280302354
  },
  {
    "id": 61,
    "img_name": "000035",
    "width": 1957,
    "height": 1091,
    "position": [
      -1.3953163879581474,
      0.20968861680059728,
      -2.0333442110906206
    ],
    "rotation": [
      [
        0.7315622229978185,
        -0.2583016245411849,
        0.6309492726375668
      ],
      [
        0.24532875214240357,
        0.9631940382397792,
        0.10986832151078715
      ],
      [
        -0.6361057437680792,
        0.07441448419986098,
        0.7680051870179834
      ]
    ],
    "fy": 1156.2804049882861,
    "fx": 1163.2547280302354
  },
  {
    "id": 62,
    "img_name": "000036",
    "width": 1957,
    "height": 1091,
    "position": [
      -1.1422234569803624,
      0.2562337942139574,
      -2.3703502389125894
    ],
    "rotation": [
      [
        0.8247300853332827,
        -0.2379523961546099,
        0.5130291838779113
      ],
      [
        0.22874390532400007,
        0.9700110696860715,
        0.08218728894183185
      ],
      [
        -0.5172006497707452,
        0.04956996924310986,
        0.8544274726540318
      ]
    ],
    "fy": 1156.2804049882861,
    "fx": 1163.2547280302354
  },
  {
    "id": 63,
    "img_name": "000037",
    "width": 1957,
    "height": 1091,
    "position": [
      -0.9024824060390976,
      0.2984145235190315,
      -2.622280114760298
    ],
    "rotation": [
      [
        0.9064455133922876,
        -0.21067546202949866,
        0.3660223776624178
      ],
      [
        0.2043180541932775,
        0.9772720757397386,
        0.05651037701179806
      ],
      [
        -0.3696087985717673,
        0.023561402292731144,
        0.9288886888859907
      ]
    ],
    "fy": 1156.2804049882861,
    "fx": 1163.2547280302354
  },
  {
    "id": 64,
    "img_name": "000038",
    "width": 1957,
    "height": 1091,
    "position": [
      -0.6007987698297396,
      0.3061196224658953,
      -2.7410631671310206
    ],
    "rotation": [
      [
        0.9699869515972007,
        -0.17134980203770833,
        0.1725240825879325
      ],
      [
        0.16916433250338112,
        0.9852068138797131,
        0.027403694890831373
      ],
      [
        -0.17466751941862318,
        0.0026036948020884813,
        0.9846240289742693
      ]
    ],
    "fy": 1156.2804049882861,
    "fx": 1163.2547280302354
  },
  {
    "id": 65,
    "img_name": "000039",
    "width": 1957,
    "height": 1091,
    "position": [
      -0.25933820972706656,
      0.29531380911853483,
      -2.7857073207555825
    ],
    "rotation": [
      [
        0.9915197733337053,
        -0.12988397835673646,
        0.004323338351858155
      ],
      [
        0.12977145346160823,
        0.9913362498687435,
        0.02029309150026475
      ],
      [
        -0.006921629485856436,
        -0.0195599555828557,
        0.9997847264200715
      ]
    ],
    "fy": 1156.2804049882861,
    "fx": 1163.2547280302354
  },
  {
    "id": 66,
    "img_name": "000040",
    "width": 1957,
    "height": 1091,
    "position": [
      -0.005983386745501988,
      0.3284887157853171,
      -2.9596774312448106
    ],
    "rotation": [
      [
        0.9919333214688937,
        -0.09634535218646978,
        -0.08237632470409048
      ],
      [
        0.09859278911406169,
        0.9948466707705891,
        0.023655096520314327
      ],
      [
        0.07967275377692684,
        -0.031585990070604524,
        0.9963205194799819
      ]
    ],
    "fy": 1156.2804049882861,
    "fx": 1163.2547280302354
  },
  {
    "id": 67,
    "img_name": "000042",
    "width": 1957,
    "height": 1091,
    "position": [
      0.5723638087365801,
      0.4361316053954599,
      -3.300650532174448
    ],
    "rotation": [
      [
        0.9768832925063916,
        -0.052918286785776994,
        -0.2071199839357127
      ],
      [
        0.06616341438473076,
        0.9961478524155267,
        0.05754875085428504
      ],
      [
        0.20327674588802827,
        -0.06992217853866133,
        0.9766214484279881
      ]
    ],
    "fy": 1156.2804049882861,
    "fx": 1163.2547280302354
  },
  {
    "id": 68,
    "img_name": "000043",
    "width": 1957,
    "height": 1091,
    "position": [
      0.880894234533307,
      0.49433756930933126,
      -3.5234036120168977
    ],
    "rotation": [
      [
        0.9796938101326493,
        -0.051513157076949784,
        -0.19376901980383346
      ],
      [
        0.06669532443673334,
        0.9951243393353566,
        0.07265867436616834
      ],
      [
        0.18908139011032202,
        -0.08410674117058338,
